25,0,0,75,31,10,17,7,6,2,2
ERROR: Packet too long
0,0,0,198602,1794,142,506,1204,440,186,86
ERROR: Packet too long
0,0,0,33804,28395,3077,962,1742,601,931,486
ERROR: Packet too long
0,0,0,925808,154707,58374,17516,18001,11921,5723,4435
ERROR: Packet too long
0,34,51,1796384,139469,40821,50602,42153,5465,3200,4867
ERROR: Packet too long
0,44,74,41480,53385,42585,21970,3540,18768,4312,5608
ERROR: Packet too long
0,60,96,173389,8143,5193,23414,11478,7915,4910,3597
ERROR: Packet too long
0,74,100,93267,42848,34224,22675,23836,22087,6848,3785
ERROR: Packet too long
0,84,100,19464,11269,5185,3834,1606,1518,1763,569
ERROR: Packet too long
0,90,90,11359,13975,1432,3526,9902,6109,2661,2657
ERROR: Packet too long
0,88,64,33504,29686,4426,4693,14651,7288,6330,2216
ERROR: Packet too long
0,87,57,161111,38417,11674,13900,7267,10113,2114,915
ERROR: Packet too long 3W9
51,87,57,1433894,95272,46320,178230,64805,133316,23003,4803
ERROR: Packet too long 3W9
51,87,57,879783,24326,8731,8169,2778,6259,373,386
ERROR: Packet too long
0,93,50,1533016,62751,20802,13523,36771,13737,4924,5848
ERROR: Packet too long
0,77,70,949050,255006,115419,81328,10078,20961,5622,3013
ERROR: Packet too long
0,67,70,66228,34901,4868,2722,6009,3697,2976,1311
ERROR: Packet too long 3CF
51,67,70,1293066,265221,33305,62882,40733,31415,2962,3179
ERROR: Packet too long 3CF
51,67,70,882119,178102,8636,26213,26343,27123,1450,1114
ERROR: Packet too long 3CF
51,67,70,1613797,320808,21260,40168,56292,31020,4986,3464
ERROR: Packet too long
0,70,75,191073,10721,5150,5731,5214,4022,360,330
ERROR: Packet too long
0,74,78,1001930,72934,30298,17481,13448,22779,5938,3049
ERROR: Packet too long
0,61,61,868792,137093,18122,15005,10297,2211,1265,1292
ERROR: Packet too long
0,63,77,1031763,112090,41602,36320,20149,20193,25914,3767
ERROR: Packet too long
0,57,78,21855,10398,3427,6645,2928,2155,891,602
ERROR: Packet too long
0,47,90,28966,50700,39099,35765,26409,6888,4714,1732
ERROR: Packet too long
0,67,100,57542,26286,32813,5674,8701,9489,4253,6170
ERROR: Packet too long
0,75,97,30024,27485,2468,7321,13233,7822,3772,3506
ERROR: Packet too long
0,80,97,41249,27643,13651,13509,9617,10069,3978,3938
ERROR: Packet too long
0,87,63,46241,23254,196,2376,3737,3057,796,854
ERROR: Packet too long
0,94,64,20772,6440,15841,27795,9813,20032,5461,3781
ERROR: Packet too long
0,81,77,240480,95999,42709,25904,26415,8009,5361,2254
ERROR: Packet too long
0,84,75,111825,36038,17110,24819,15743,19891,5822,2894
ERROR: Packet too long
0,84,100,48844,10171,11161,2524,1518,2967,946,368
ERROR: Packet too long
0,80,90,52441,17183,2542,21475,35496,9391,4928,3338
ERROR: Packet too long
0,90,75,62922,55873,6935,6994,15914,8557,5144,3825
ERROR: Packet too long
0,88,80,105272,19005,15925,17663,8527,11301,4341,3335
ERROR: Packet too long
0,84,75,90528,26779,16252,19574,21981,5274,3441,1252
ERROR: Packet too long
0,90,75,32152,19285,14334,5490,21453,14491,2071,1989
ERROR: Packet too long
0,93,93,74931,9704,7281,3668,3000,4267,1120,572
ERROR: Packet too long
0,91,64,141327,67730,3077,7394,3127,14968,4687,4758
ERROR: Packet too long
0,94,47,369716,9449,1364,1200,3236,1166,896,1053
ERROR: Packet too long
0,87,48,1692556,126254,33580,33706,34841,27725,23001,24640
ERROR: Packet too long
0,83,41,378326,58634,41187,3442,36729,14790,8472,6696
ERROR: Packet too long
0,75,61,18939,99895,17237,55700,31899,13008,8510,5607
ERROR: Packet too long
0,81,74,67707,7674,5851,1107,3295,3820,1652,655
ERROR: Packet too long
0,87,84,22953,4232,4768,5299,4203,3085,1423,790
ERROR: Packet too long
0,87,100,13692,17740,40121,11081,12936,10645,4929,2463
ERROR: Packet too long
0,80,100,46089,25010,15415,7464,6492,1842,1046,732
ERROR: Packet too long
0,74,100,127480,33259,7224,11628,9307,5573,1321,978
ERROR: Packet too long
0,66,100,20202,9291,8814,2337,1988,2052,1380,1273
ERROR: Packet too long
0,57,94,61168,13111,8253,7115,8928,1903,653,381
ERROR: Packet too long
0,57,83,10407,41145,10496,3075,2845,2219,1214,555
ERROR: Packet too long
0,57,91,10466,9974,7692,1921,1703,1883,1025,342
ERROR: Packet too long
0,57,93,11218,12111,5034,11337,1832,3201,1483,445
ERROR: Packet too long
0,64,100,45379,28625,32214,19776,3610,10591,7387,2934
ERROR: Packet too long
0,75,100,156264,54476,29881,10542,6348,11497,7738,2185
ERROR: Packet too long
0,60,100,98225,30776,21636,12167,5334,1048,1016,443
ERROR: Packet too long
0,54,100,29875,23811,7884,6728,3341,2621,792,1792
ERROR: Packet too long
0,53,91,21902,5912,5218,2726,9159,1744,1077,453
ERROR: Packet too long
0,56,97,43768,32019,6162,39801,8047,12637,1715,2353
ERROR: Packet too long
0,78,88,48604,12399,5691,3237,4402,4241,2018,1025
ERROR: Packet too long
0,91,81,128800,25651,9159,4865,6120,9325,3506,2498
ERROR: Packet too long
0,83,66,853292,262868,24037,22565,12898,16620,6527,1485
ERROR: Packet too long
0,83,50,595887,66531,8505,17203,14289,13960,7833,3712
ERROR: Packet too long
0,69,47,82577,29624,3951,8333,3583,2278,1115,526
ERROR: Packet too long
0,60,50,95221,8711,3103,1125,1462,900,297,259
ERROR: Packet too long
0,60,75,14796,15383,6111,17498,6862,2381,1456,836
ERROR: Packet too long
0,63,78,100786,11493,6441,900,5903,4488,503,707
ERROR: Packet too long
0,60,80,274281,201579,25227,72038,24396,11561,4406,3471
ERROR: Packet too long
0,64,81,466329,50628,16042,16121,11986,10902,3984,3936
ERROR: Packet too long
0,66,64,1036120,42763,11521,6546,14216,4111,1969,981
ERROR: Packet too long
0,66,64,2237885,54508,15625,15022,14018,17147,6564,4112
ERROR: Packet too long
0,69,81,76616,7998,15995,2770,5124,1551,1251,544
ERROR: Packet too long
0,60,88,69894,9929,7461,834,2305,721,355,205
ERROR: Packet too long
0,64,100,109005,11178,9162,10373,3071,3681,740,1309
ERROR: Packet too long
0,56,100,128736,46311,12446,19313,17320,6796,4796,2116
ERROR: Packet too long
0,50,93,895177,30537,7821,5454,3382,1251,614,397
ERROR: Packet too long
0,64,70,1158417,155419,26389,12148,51250,33927,12296,19057
ERROR: Packet too long
0,57,61,645972,30738,12107,9444,3646,3145,1318,823
ERROR: Packet too long
0,53,50,367848,236545,23576,29947,17605,14694,3620,3948
ERROR: Packet too long
0,63,51,295654,28613,8633,5244,1720,3431,1356,1576
ERROR: Packet too long
0,54,67,275160,25157,10549,6774,3108,3826,2968,1246
ERROR: Packet too long
0,64,60,263919,42374,8168,13263,8629,10764,2665,2792
ERROR: Packet too long
0,70,80,479396,72929,27613,59104,16817,17009,8629,1258
ERROR: Packet too long
0,74,69,741706,39239,6349,1986,8405,4572,4580,1965
ERROR: Packet too long
0,67,63,93326,178924,35351,35510,6852,13176,4577,4817
ERROR: Packet too long
0,56,61,31498,52605,10080,5423,4709,3526,1926,1445
ERROR: Packet too long
0,66,54,337080,59364,26440,26982,22619,32625,4791,4206
ERROR: Packet too long
0,63,57,866304,759092,143860,56397,45911,65319,14180,15542
ERROR: Packet too long
0,64,35,811057,985349,38464,22931,41728,55180,52528,35763
ERROR: Packet too long
0,69,48,103002,19469,2196,14290,4271,2849,1247,769
ERROR: Packet too long
0,63,48,404127,53283,18015,17946,3228,12770,6485,5281
ERROR: Packet too long
0,69,61,184976,17831,5502,11789,8370,5176,6826,3016
ERROR: Packet too long
0,87,96,5442,5747,5163,2152,1228,3693,2073,1381
ERROR: Packet too long
0,91,83,153141,31391,6035,4691,3231,6924,1079,745
ERROR: Packet too long
0,93,81,25973,12506,4161,4884,3997,3754,1891,479
ERROR: Packet too long
0,88,70,9124,20372,2936,3826,2874,2576,2714,776
ERROR: Packet too long
0,67,53,457184,236877,17138,34473,43335,11581,2833,6285
ERROR: Packet too long
0,66,61,430440,25363,8684,18330,23171,6281,3630,1827
ERROR: Packet too long
0,64,67,25355,49254,24015,25595,5126,14341,5468,2777
ERROR: Packet too long
0,63,64,318477,183423,10307,32189,5020,17590,3691,4405
ERROR: Packet too long
0,64,81,25641,75063,28460,25279,13927,6889,8329,2937
ERROR: Packet too long
0,47,69,820565,333798,49482,30647,8197,7116,7874,2687
ERROR: Packet too long
0,43,66,19923,12407,3513,5886,3797,2336,991,1020
ERROR: Packet too long
0,40,78,387068,179574,53846,56065,20256,16105,10849,6421
ERROR: Packet too long
0,47,69,278184,32039,9800,3013,1921,4322,1631,515
ERROR: Packet too long
0,69,78,143394,27745,12764,3980,2921,8116,4379,1378
ERROR: Packet too long
0,77,66,1562966,58552,9455,8416,21915,16142,9085,9930
ERROR: Packet too long
0,80,47,135556,68328,7419,2163,10281,6658,1595,3450
ERROR: Packet too long
0,69,24,1427677,276478,15794,5390,16593,11235,2779,654
ERROR: Packet too long
0,56,8,1204268,103795,8289,8616,28800,6408,3186,1511
ERROR: Packet too long
0,56,7,339235,43393,4990,4795,4975,9689,1408,594
ERROR: Packet too long 8
26,56,7,502299,20014,6756,5414,3081,1578,618,363
ERROR: Packet too long
0,48,10,49804,26137,3015,2355,4942,1275,514,327
ERROR: Packet too long
0,60,48,104001,12760,13039,9938,5379,3898,927,1626
ERROR: Packet too long
0,56,78,69155,29033,25947,16052,4171,2928,1595,1440
ERROR: Packet too long
0,44,94,444368,53910,28481,8579,8594,5310,3505,4412
ERROR: Packet too long
0,38,94,166527,123760,19945,2405,3278,2603,856,540
ERROR: Packet too long
0,35,78,165181,54912,21794,2338,5043,6017,524,318
ERROR: Packet too long
0,51,67,75399,7435,3687,6978,6261,4452,999,449
ERROR: Packet too long
0,50,74,491740,90371,33855,57577,11058,8292,2753,5061
ERROR: Packet too long
0,57,75,791683,97646,16722,7036,24521,5440,4793,1898
ERROR: Packet too long
0,66,83,28099,37408,9674,24806,10467,13182,3789,4449
ERROR: Packet too long
0,63,64,636458,53094,4352,7353,8404,10650,1774,2306
ERROR: Packet too long
0,74,51,47169,37695,4472,17320,23693,8827,4702,2334
ERROR: Packet too long
0,74,77,40816,54695,29624,44173,10086,5472,770,571
ERROR: Packet too long
0,63,69,24093,16366,1854,6956,8214,1689,793,586
ERROR: Packet too long
0,64,87,59110,45745,9738,31913,10525,15183,2793,3203
ERROR: Packet too long
0,57,75,346219,120471,12117,8923,36395,12223,6659,3964
ERROR: Packet too long
0,63,61,9393,25854,6431,5974,3335,2598,594,393
ERROR: Packet too long
0,60,47,311912,148819,17207,5215,10043,7343,5450,4556
ERROR: Packet too long
0,50,48,13027,22338,7292,9797,2670,2656,2151,815
ERROR: Packet too long
0,57,61,36116,31116,6077,21087,36031,10384,6428,3230
ERROR: Packet too long
0,50,60,59995,123569,13786,35109,15447,5157,4219,4734
ERROR: Packet too long
0,61,67,27312,49848,15290,4657,24592,10760,6082,3430
ERROR: Packet too long
0,51,60,184217,43573,18416,7132,24089,1549,1477,369
ERROR: Packet too long
0,44,53,377098,56934,10631,7030,20186,7026,3371,4042
ERROR: Packet too long
0,61,60,33846,30233,10392,18144,13676,11920,5123,2920
ERROR: Packet too long
0,54,63,40026,79760,17530,12766,12924,7787,5213,2182
ERROR: Packet too long
0,64,70,4145,60980,33948,23372,9307,7511,2939,2243
ERROR: Packet too long
0,70,78,25679,58279,19742,13405,25877,14956,3677,1968
ERROR: Packet too long
0,69,90,528321,23669,45947,13794,11332,13331,12250,2825
ERROR: Packet too long
0,77,90,64197,19153,6575,3000,7505,4324,970,386
ERROR: Packet too long
0,88,87,68274,10901,4347,6600,3940,5049,1027,441
ERROR: Packet too long
0,78,88,188592,40088,7077,15127,5046,3544,881,609
ERROR: Packet too long
0,80,77,91825,9563,3257,6273,4245,3884,2238,2145
