51,0,0,237478,3431,782,917,666,234,83,41
25,0,0,10216,760,48,246,128,253,139,103
0,0,0,440149,53550,5488,2575,7849,3683,636,413
0,0,0,2023058,140516,40466,15704,13490,13553,7553,7291
0,0,0,560277,277500,33354,8253,13289,17752,19112,6925
0,51,47,619965,191871,45869,32448,81562,64009,10202,2906
0,75,69,616007,44645,138081,25111,77365,105805,32408,30849
0,84,90,1321560,38922,27766,20225,19875,15707,4528,4174
0,70,80,364901,274940,9662,29612,21523,11826,2120,1844
0,48,96,1030892,34682,59108,8454,20504,5149,4504,1554
0,10,69,773423,133079,16423,13248,4820,5879,2095,1488
0,1,61,152047,4075,1688,1529,1194,753,587,490
0,23,77,61166,88612,14322,33511,14415,26083,7015,3066
0,16,47,2238322,745687,56992,75997,60761,29716,20181,3719
0,27,30,549490,179904,8319,3325,6653,15213,6064,5616
0,11,30,324749,117066,53256,4173,8570,5401,1849,3221
0,1,20,2934361,848214,83944,44978,60022,24599,12199,5862
0,1,35,760559,114952,3418,79348,60391,21837,8804,9471
0,1,48,1352265,71832,4512,7884,7401,5332,2851,774
0,21,51,170384,17506,7633,7822,5408,5538,2283,753
0,26,54,222911,914219,98741,87380,180213,42448,42082,48086
0,21,57,413854,60858,19035,23056,10803,7426,1556,1852
0,37,63,135435,59736,7782,13164,30758,13579,6951,2744
0,23,53,187100,84573,18335,8903,6084,6508,2495,3035
0,34,48,245693,46418,4111,2878,10533,4189,2802,2209
0,37,23,1320343,643240,3813,68196,53903,59493,28949,6400
0,27,41,25251,75199,24405,44581,13004,14123,5274,3370
0,37,47,1197309,120056,59943,8305,39808,19071,14050,7529
0,50,51,485867,38194,5336,5344,13272,9309,1680,1746
0,47,70,1143500,74609,11528,24830,15252,7228,4481,2351
0,30,51,943180,299057,12929,44952,37869,11974,13799,29980
0,40,56,165066,99154,21671,84344,32250,39431,13633,18224
0,16,66,2079585,179918,58559,30983,37668,11845,11692,21262
0,7,47,263246,44988,1007,4096,4650,1756,729,360
0,20,70,234375,61072,49648,39116,15145,13436,9021,17685
0,16,70,131715,5482,2688,6061,7394,1925,1405,958
0,41,67,34050,60215,5141,20469,9770,22180,9695,3436
0,51,83,221672,51808,8491,7781,4244,4336,2574,1417
0,67,60,183380,91330,21430,16998,61847,38838,13656,6932
0,61,54,378603,29595,9282,6620,5018,4348,2265,2135
0,61,50,1195697,64995,10809,5920,20333,17922,4105,1311
0,57,60,502584,28516,12358,8787,9714,2584,1633,1973
0,48,70,724502,28378,7273,17227,11617,7317,4363,1555
0,53,64,1348852,152602,46846,10578,51898,27006,3813,3655
0,35,69,1787960,79593,10307,13636,4454,6342,2684,2966
0,37,56,113847,41358,4150,5157,2431,3303,1276,773
0,34,47,151412,63829,6406,13053,4459,8897,8827,13214
0,21,40,2770830,257313,42897,11804,62844,19468,16047,11938
0,10,29,191758,60707,6819,1804,4174,934,792,1238
0,26,26,1421010,110135,22809,3796,22387,23993,8331,5356
0,27,37,16692,14008,6246,5263,7634,2008,2990,964
0,37,63,236574,26658,27354,18642,6768,5673,2064,1516
0,54,60,1338034,485616,44513,10446,16998,37708,12291,18547
0,54,61,92770,78276,8916,11252,9845,16373,2093,2175
0,51,38,1029462,1186858,90229,40680,57232,82800,21463,4373
0,48,24,252816,47032,3026,19873,4460,4441,584,1178
0,48,38,149288,49778,4785,10027,7243,4291,3489,1381
0,23,43,24340,112213,18935,9774,6521,2587,1837,1911
0,29,70,513219,47903,27538,37972,36731,12301,8469,2950
0,17,69,381526,77260,21725,9372,5018,2248,731,499
0,17,64,747319,47418,6333,3040,3096,3619,1165,526
0,27,64,1051241,142467,16002,32234,18202,9087,3758,2938
0,24,60,460178,53448,11224,20502,9734,7252,5548,3590
0,35,44,1135890,175250,3869,24337,25440,8490,5703,6342
0,37,51,51660,25173,7879,3098,6887,2917,607,793
0,35,47,60135,158556,24184,7843,26771,7641,4215,2004
0,38,54,324790,23546,11285,25580,14887,7409,2289,3487
0,51,74,327751,49587,25905,17601,21692,13480,4403,1261
0,35,78,38716,39015,12096,4505,1396,1017,1992,718
0,50,88,33480,13365,3071,4518,2449,3205,1129,1022
0,40,93,232643,14292,18266,3193,2770,1668,2177,1744
0,34,97,238756,54882,13300,45025,13334,8788,5877,2105
0,53,100,65712,14007,2790,6735,5112,2560,999,386
0,43,100,54694,17548,5799,11826,7999,2077,602,1115
0,56,88,40404,9620,3308,2180,6992,2141,645,496
0,54,91,30916,55420,49955,31189,8474,10573,4251,2209
0,57,81,112357,52246,6045,11290,14614,11153,6415,2232
0,66,69,878378,115989,15632,28344,12358,18738,4865,3011
0,70,70,742146,213635,26791,84214,87412,67347,15998,6890
0,83,60,150662,39594,21600,13592,20370,18431,4102,2009
0,81,78,169536,11502,9817,5105,5496,2896,1735,1207
0,61,67,132054,69573,3908,8305,5476,1664,1448,443
0,37,61,282031,78916,10292,5662,10605,2389,1095,778
0,26,56,98336,35253,5528,9358,2733,4926,2615,881
0,29,43,600177,172773,56152,26923,74630,38705,20103,8304
0,50,60,653554,138992,46993,48728,19604,30973,10796,9278
26,50,60,159771,29837,1759,700,6935,6065,5399,8775
0,63,61,51899,103542,14734,7822,5723,10522,3687,7294
0,63,64,1430564,176853,74732,100048,209340,29808,12091,13051
0,43,56,1573611,627893,60036,48228,35270,19169,9359,12693
0,47,27,316578,11818,385,802,1868,2273,433,547
0,41,37,399664,84932,31659,4315,19221,6243,5667,6413
0,34,23,1714549,732230,61140,71963,44863,37188,38672,47441
0,43,37,159380,37396,12509,5699,6611,3821,2769,939
0,34,64,1609597,70569,25791,23789,15625,9026,3681,1876
0,34,69,730981,143667,62386,42057,49210,12376,17438,6921
0,34,84,614533,56221,16533,15603,4846,3900,2046,2586
0,29,74,95825,62463,3092,9364,7944,4062,1701,1267
ERROR: Packet too long
0,29,63,215322,11858,203,3649,1478,1083,712,220
ERROR: Packet too long
0,48,54,371444,29541,2391,19492,26584,12529,3592,1813
ERROR: Packet too long
0,47,43,823878,47771,7186,4980,5010,2490,1235,1144
ERROR: Packet too long
0,50,50,122831,46490,5011,8370,4559,4143,980,1034
ERROR: Packet too long
0,56,63,52106,50127,5085,52024,12390,12464,5540,1182
ERROR: Packet too long
0,37,77,23438,13588,14151,2306,9161,1402,1059,648
ERROR: Packet too long
0,35,81,58440,29670,9646,1403,2130,1488,967,539
ERROR: Packet too long
0,43,91,143304,40256,6787,29822,17864,10825,1948,1145
ERROR: Packet too long
0,29,97,108435,73221,132916,10108,17792,8630,9481,4127
ERROR: Packet too long
0,34,77,2793566,330778,19788,42540,31059,19077,4131,9357
ERROR: Packet too long
0,47,91,103482,53700,18207,64213,15796,17092,5084,1949
ERROR: Packet too long
0,51,83,20924,50931,5524,26213,35769,19536,6219,2043
ERROR: Packet too long
0,44,54,68236,52624,6429,3366,3654,1434,516,381
ERROR: Packet too long
0,51,75,190829,65106,34007,31735,17916,13004,4013,2604
ERROR: Packet too long
0,44,77,75694,48795,46993,40191,21048,8532,3191,2369
ERROR: Packet too long
0,21,84,59869,8772,4288,1431,423,474,450,165
ERROR: Packet too long
0,40,100,1777972,191437,72593,112302,33168,39882,25734,32843
ERROR: Packet too long
0,44,87,1467944,449518,93056,42198,79488,91242,57497,55893
ERROR: Packet too long
0,60,66,106749,7558,1824,1939,4922,2721,1902,642
ERROR: Packet too long
0,78,78,676365,35374,68041,44383,28797,23884,12004,4265
ERROR: Packet too long
0,84,77,673678,53906,15049,34923,15243,16445,10350,2028
ERROR: Packet too long
0,84,94,2087168,8516,8434,5417,4026,3686,3266,2293
ERROR: Packet too long
0,88,100,17214,2958,2539,1812,779,2247,1369,1015
ERROR: Packet too long
0,66,80,705708,1350891,182009,19635,22268,36074,17880,14690
ERROR: Packet too long
0,70,77,344773,25715,13258,3578,4293,10688,3143,3287
ERROR: Packet too long
0,60,40,1828272,738931,23863,18509,37359,51556,19099,26374
ERROR: Packet too long
0,40,30,116785,87373,32285,5904,11223,7104,5189,2878
ERROR: Packet too long
0,67,41,822933,8765,1578,6689,12796,4917,2566,3405
ERROR: Packet too long
0,57,41,97684,4451,691,2177,1589,753,467,293
ERROR: Packet too long
0,67,63,264113,60646,10819,14996,14186,13729,6522,4489
ERROR: Packet too long
0,77,66,14328,30854,12594,8906,5740,6480,9746,4376
ERROR: Packet too long
0,63,60,17325,113199,9205,20796,16828,11696,5598,3076
ERROR: Packet too long
0,57,63,43118,35466,18444,9606,8255,4003,849,321
ERROR: Packet too long
0,40,48,83634,151470,4186,8474,6468,5813,1555,1428
ERROR: Packet too long
0,30,51,190340,28142,11023,14748,6304,3166,3826,1618
ERROR: Packet too long
0,24,37,125833,84418,2737,3492,9392,3853,4017,2372
ERROR: Packet too long
0,16,30,49470,4516,240,1906,626,205,735,116
ERROR: Packet too long
0,26,54,482992,977135,257997,377732,141309,128521,236889,48837
ERROR: Packet too long
0,30,51,402815,204871,111416,30602,34792,30722,6203,11529
ERROR: Packet too long
0,27,60,589748,91793,10517,1743,2151,3524,3870,3422
ERROR: Packet too long
0,40,61,2475498,925720,419085,166709,121271,113281,120755,124725
ERROR: Packet too long
0,51,66,316711,33846,10975,41167,10797,22259,5275,11137
ERROR: Packet too long
0,53,38,336907,230856,6436,7479,26712,24644,6651,4311
ERROR: Packet too long
0,64,44,965842,290189,72691,2889,62184,31878,26709,43816
ERROR: Packet too long
0,48,27,1090669,81550,8125,5660,25762,1669,1381,638
ERROR: Packet too long
0,23,8,407210,312044,26632,14557,7633,9020,5100,4874
ERROR: Packet too long
0,13,26,1373202,327091,34812,41550,21816,19990,10817,2401
ERROR: Packet too long
0,13,37,331527,121172,16409,60405,28820,17527,7039,3350
ERROR: Packet too long
0,35,35,100541,16071,893,1385,494,2219,692,226
ERROR: Packet too long
0,47,44,233413,228099,26661,53946,13244,22958,4528,4789
ERROR: Packet too long
0,43,41,36965,64631,5634,5725,10445,2588,1180,636
ERROR: Packet too long
0,63,21,51767,29647,2066,4559,8488,21371,5091,3406
ERROR: Packet too long
0,47,35,91097,110505,3474,36958,11810,4189,12248,2031
ERROR: Packet too long
0,50,38,5420,9284,2247,3110,2775,1638,6850,797
ERROR: Packet too long
0,64,54,1017384,11721,2488,5197,1558,3016,708,150
ERROR: Packet too long
0,40,70,2814221,1374904,288596,241909,59436,120795,10756,5454
ERROR: Packet too long
0,43,67,775672,692314,96280,84383,100557,35382,10239,18151
ERROR: Packet too long
0,30,48,226963,35430,1235,2151,1682,1449,1443,1096
ERROR: Packet too long
0,13,27,723359,163595,12191,4805,3325,4992,1641,856
ERROR: Packet too long
0,14,34,593538,137681,18104,87019,29950,17555,18452,7095
ERROR: Packet too long
0,10,40,1215101,114351,34208,15455,5914,3874,2564,1420
ERROR: Packet too long
0,10,69,210376,25246,34919,9896,16556,2920,1468,1595
ERROR: Packet too long
0,20,87,1319894,70995,13241,15862,9133,6180,3050,1117
ERROR: Packet too long
0,17,78,1425665,341186,49985,58444,21952,27735,12385,8059
ERROR: Packet too long
0,29,83,56135,18701,5463,11784,8238,2353,3028,1079
ERROR: Packet too long
0,50,74,147995,46970,14267,16372,6201,19380,8145,4649
ERROR: Packet too long
0,54,53,10834,124759,3693,7164,2719,14002,11333,2666
ERROR: Packet too long
0,53,70,123005,49038,53048,37920,14171,7871,2851,3234
ERROR: Packet too long
0,54,61,1483965,766297,120533,120871,100253,77540,27434,19585
ERROR: Packet too long
0,35,57,406628,96112,23994,13401,14144,6273,8536,3378
ERROR: Packet too long
0,24,78,283684,39634,10712,6026,5946,2237,664,335
ERROR: Packet too long
0,34,57,579178,67110,14151,7374,3848,9890,1685,1845
ERROR: Packet too long 3"9
51,34,57,1047993,31332,26657,3911,33123,21095,2416,606
ERROR: Packet too long
0,29,61,180933,62536,18274,7494,12768,4779,555,628
ERROR: Packet too long
0,24,56,201197,38125,3096,6161,2622,1319,234,181
ERROR: Packet too long 8
26,24,56,156828,46371,5294,4291,3286,1994,1271,882
ERROR: Packet too long
0,30,53,2000061,24237,2706,5042,3695,2462,715,395
ERROR: Packet too long
0,16,53,1265457,85774,23309,5247,5576,2934,1707,1466
ERROR: Packet too long
0,13,54,5499,4438,1139,894,1333,270,1451,477
ERROR: Packet too long
0,21,63,242360,28968,10798,5391,1750,2742,3216,2223
ERROR: Packet too long
0,34,77,202080,3606,3797,2940,2633,2335,1192,1439
ERROR: Packet too long
0,47,83,432911,26990,10049,6858,6706,3700,1660,1053
ERROR: Packet too long
0,50,87,163993,55139,22528,10347,11180,4899,14797,7819
ERROR: Packet too long
0,50,80,19909,22755,3797,3193,2608,1876,3979,645
ERROR: Packet too long
0,44,61,160800,12637,1016,2900,7758,2679,1220,1156
ERROR: Packet too long
0,44,69,106051,13085,8894,7237,2437,2659,1507,555
ERROR: Packet too long
0,38,67,91671,68744,29478,6673,8872,3262,5448,1749
ERROR: Packet too long
0,30,51,138447,175176,10496,2667,8941,6062,2628,6851
ERROR: Packet too long
0,14,48,1173106,76047,2661,8904,5305,2664,11664,2628
ERROR: Packet too long
0,11,21,110323,26410,1449,1957,3236,1933,978,1343
ERROR: Packet too long
0,21,16,93192,38064,7793,7529,3848,4549,931,2309
ERROR: Packet too long
0,30,51,116721,46333,30146,52579,20469,10741,6706,8444
ERROR: Packet too long
0,37,47,1671206,200415,5889,16916,30434,10030,10668,8204
ERROR: Packet too long
0,40,69,112761,44687,13099,28866,9576,8976,26555,3586
ERROR: Packet too long
0,43,70,66336,43017,5117,16057,11743,6600,14040,4758
ERROR: Packet too long
0,35,60,247781,150012,9474,59520,9756,8254,13715,7897
ERROR: Packet too long
0,47,84,16149,5569,4060,1576,963,1311,1446,548
ERROR: Packet too long
0,47,78,37657,38689,8730,12205,6725,6126,19138,1707
ERROR: Packet too long
0,44,78,26561,77170,19115,11229,2123,9509,5685,5667
ERROR: Packet too long
0,50,77,99948,24600,8591,2915,4799,2066,3594,3511
ERROR: Packet too long
0,51,81,35295,27353,24219,19673,2936,12091,12836,5440
ERROR: Packet too long
0,61,80,64484,34505,3580,18114,7477,13273,18247,2456
ERROR: Packet too long
0,63,80,32561,7867,3375,1204,3302,1350,1605,1254
ERROR: Packet too long
0,78,75,26355,28532,4431,6164,8246,8470,14512,5688
ERROR: Packet too long
0,81,69,16978,33825,8295,33087,10198,16329,3478,6976
ERROR: Packet too long
0,69,53,843304,374615,26806,12968,12242,33969,23649,12892
ERROR: Packet too long
0,57,54,667356,55295,15960,11243,6808,3177,3149,3290
ERROR: Packet too long
0,56,63,281536,7000,4919,4007,10002,3267,1090,3256
ERROR: Packet too long
0,60,53,269675,25705,4027,11074,10767,10734,9103,4426
ERROR: Packet too long
0,60,66,5048,114959,19856,13616,10757,13594,8938,8501
ERROR: Packet too long
0,75,56,22180,36752,2322,8365,8079,6234,11628,3213
ERROR: Packet too long
0,70,64,49074,31377,28546,15836,7671,10297,6735,2915
ERROR: Packet too long
0,63,60,8882,27771,6441,2649,10340,5028,4312,7228
ERROR: Packet too long
0,63,60,45032,87500,25142,4064,9939,12189,5057,1468
ERROR: Packet too long
0,60,70,1353451,41801,15117,12115,8473,6653,5925,3053
ERROR: Packet too long
0,60,77,31025,11598,12618,20236,11457,6397,8044,2475
ERROR: Packet too long
0,47,88,270036,131875,67726,14799,8145,9066,7058,5617
ERROR: Packet too long
0,53,97,33750,9302,7987,2537,3386,3160,2081,1023
ERROR: Packet too long
0,56,100,54674,25283,21059,4869,6014,6323,12503,3551
ERROR: Packet too long
0,56,90,75115,26240,13683,1813,3080,6474,7244,8459
ERROR: Packet too long
0,75,97,23986,17855,6849,27070,3789,10802,4840,2300
ERROR: Packet too long
0,80,84,282048,37383,14475,14158,60039,17324,4762,5030
ERROR: Packet too long
0,83,67,72554,46090,5594,4418,5551,8412,2184,3052
ERROR: Packet too long
0,66,78,66428,20576,26222,9932,13240,1886,4265,1586
ERROR: Packet too long BN
25,66,78,276669,36562,3819,7340,2839,2929,249,160
ERROR: Packet too long BN
25,66,78,15137,2261,540,1260,323,211,282,191
