0,0,0,114183,3199,1842,602,405,141,94,72
ERROR: Packet too long
0,0,0,100962,23792,3075,3860,2670,658,453,494
ERROR: Packet too long
0,0,0,455802,155395,2049,15138,23548,9349,4777,4060
ERROR: Packet too long
0,51,50,582457,65523,25920,21061,25107,7382,2259,7623
ERROR: Packet too long
0,75,63,682016,18816,6345,12030,1668,4759,2435,870
ERROR: Packet too long
0,97,74,387918,21616,6138,12058,6159,5076,699,919
ERROR: Packet too long
0,100,75,1465530,79850,10615,12963,12939,7836,2602,2046
ERROR: Packet too long
0,100,54,128247,17290,1909,588,8836,2062,1213,753
ERROR: Packet too long
0,100,47,119488,44853,9821,11942,10246,8610,3323,3671
ERROR: Packet too long
0,100,30,998243,48839,4044,3010,2342,2473,1133,856
ERROR: Packet too long
0,75,16,1256457,191982,5969,6829,4835,3056,1473,789
ERROR: Packet too long
0,63,30,88797,9709,2376,1656,2697,773,447,155
ERROR: Packet too long
0,57,48,10535,18718,28665,46610,25206,9052,1793,1194
ERROR: Packet too long
0,77,51,1195205,265842,26927,32039,48647,57794,13301,12219
ERROR: Packet too long
0,100,75,519539,17334,7052,5035,1014,2468,548,349
ERROR: Packet too long
0,88,69,1815970,378490,58268,25313,33293,14247,6568,4025
ERROR: Packet too long
0,93,54,1729651,70844,18543,44190,62051,26201,7992,2959
ERROR: Packet too long
0,77,63,48536,27694,5675,6979,8419,2435,1499,2005
ERROR: Packet too long
0,88,64,20378,12828,13374,6041,10065,5129,3335,5344
ERROR: Packet too long
0,97,70,301565,103636,32186,9990,3674,8011,7118,2036
ERROR: Packet too long
0,81,78,36423,9643,5605,9799,9538,1452,1067,931
ERROR: Packet too long
0,96,78,75710,19252,1842,9668,14891,5953,8139,1441
ERROR: Packet too long
0,88,83,76591,28371,46559,12815,17915,7512,4336,4184
ERROR: Packet too long
0,90,83,55128,58821,19887,8576,13556,5190,4295,2851
ERROR: Packet too long
0,96,83,23119,8178,6669,2504,1387,1702,1069,438
ERROR: Packet too long
0,70,74,1061735,104530,7190,6552,5366,3673,1425,848
ERROR: Packet too long
0,54,69,2104909,143691,69730,63799,31878,8750,5256,1335
ERROR: Packet too long
0,61,87,780077,21229,48948,28599,16684,9531,2048,2450
ERROR: Packet too long
0,53,91,2958,16222,13632,11885,3141,2055,1091,645
ERROR: Packet too long
0,53,100,67786,53373,77335,54884,36629,6385,2353,3147
ERROR: Packet too long
0,75,100,124438,16404,1427,3681,5465,2649,935,421
ERROR: Packet too long
0,47,70,95621,263664,19418,6098,7112,4544,3712,3141
ERROR: Packet too long
0,63,51,14862,36121,3986,4534,5708,7046,4175,3727
ERROR: Packet too long
0,74,27,2112535,750601,22257,118549,106478,53299,18353,20967
ERROR: Packet too long
0,74,41,788174,32113,13408,21500,8752,9051,2739,969
ERROR: Packet too long
0,100,61,1146349,31250,19003,6025,7960,4733,5242,1239
ERROR: Packet too long
0,100,60,33228,5744,1392,807,3083,3957,811,719
ERROR: Packet too long
0,100,77,82385,16900,18594,12706,20475,14213,7094,3244
ERROR: Packet too long
0,94,78,94968,14203,17503,7008,8242,2577,1097,385
ERROR: Packet too long
0,83,78,148688,190596,18066,139708,69183,26369,6050,12604
ERROR: Packet too long
0,48,75,1449022,219334,20492,10332,14968,5473,8569,2145
ERROR: Packet too long
0,47,75,561666,17651,12176,8572,5374,9330,1309,1738
ERROR: Packet too long
0,51,67,114721,7520,2295,2950,3053,1416,1344,483
ERROR: Packet too long
0,50,61,92686,10069,2364,1036,755,784,808,408
ERROR: Packet too long
0,51,66,19855,11794,1871,1186,830,377,658,251
ERROR: Packet too long
0,35,56,341439,232460,16525,57665,13942,16110,5121,7611
ERROR: Packet too long
0,24,61,307080,132455,86243,27352,25789,13019,12226,10316
ERROR: Packet too long
0,10,66,295054,84473,33881,11785,8700,1946,2413,2588
ERROR: Packet too long
0,17,69,363400,52603,11346,11017,8449,3867,1554,2725
ERROR: Packet too long
0,14,74,662750,212066,71027,29444,67003,11522,5297,5928
ERROR: Packet too long
0,14,66,448268,219068,69043,22872,17723,15192,28866,14645
ERROR: Packet too long
0,34,63,122091,21317,5506,2706,1822,2696,980,453
ERROR: Packet too long
0,35,70,89971,19384,17794,1788,8231,2083,1580,1888
ERROR: Packet too long
0,50,80,77493,9036,9291,2837,2618,3162,1263,904
ERROR: Packet too long
0,61,80,377298,107883,25386,29801,13747,21374,3061,11263
ERROR: Packet too long
0,63,75,1154692,109424,7718,25132,24330,14653,8784,12832
ERROR: Packet too long
0,64,70,778028,123213,27574,44468,22876,11401,35997,27818
ERROR: Packet too long
0,67,53,109879,16140,1168,1943,2515,3760,1695,1720
ERROR: Packet too long
0,64,50,107719,104615,16925,16174,4620,14600,17840,5809
ERROR: Packet too long
0,69,51,82185,17549,4839,2130,1497,3694,3288,2635
ERROR: Packet too long
0,67,38,1073007,157415,7426,17087,11999,11064,9968,10924
ERROR: Packet too long
0,69,48,152647,25450,24696,3125,28122,12886,1848,1362
ERROR: Packet too long
0,64,34,67152,63830,1651,3603,5527,4955,1235,953
ERROR: Packet too long
0,64,30,83644,33642,9711,3263,7264,6670,933,989
ERROR: Packet too long
0,74,48,19480,14295,4173,8930,4595,3780,2376,3305
ERROR: Packet too long
0,77,38,164910,15055,387,2823,1829,4681,2768,2573
ERROR: Packet too long
0,77,51,390914,173703,12524,42905,39901,15838,4765,10777
ERROR: Packet too long
0,81,56,10991,12188,6421,4730,5360,5336,2635,907
ERROR: Packet too long
0,84,56,182066,32902,9867,23398,24434,12989,12827,4849
ERROR: Packet too long
0,70,78,464673,43978,66752,7364,8144,9439,4993,14073
ERROR: Packet too long
0,77,81,260267,170207,12025,50745,28905,29401,3132,4668
ERROR: Packet too long
0,54,74,198178,398307,60126,38256,44889,16232,22165,17162
ERROR: Packet too long
0,53,74,533498,21084,7026,10011,6648,6117,1968,2326
ERROR: Packet too long
0,74,60,596652,16945,14619,2124,3675,32150,12345,9222
ERROR: Packet too long
0,80,56,18580,11644,2624,3099,8372,5790,2164,2704
ERROR: Packet too long
0,97,63,33071,48721,5738,24255,14170,18389,18467,5200
ERROR: Packet too long
0,87,63,48034,50904,27242,702,3965,4725,1811,2815
ERROR: Packet too long
0,54,66,899070,298810,87054,77062,15794,14436,14268,7685
ERROR: Packet too long
0,37,64,570844,199965,26735,25222,27226,14214,7581,3152
ERROR: Packet too long
0,27,61,133336,39669,4112,8494,5482,4994,1635,1273
ERROR: Packet too long
0,20,75,122406,61054,113551,31268,22411,4869,8093,7018
ERROR: Packet too long
0,34,88,68181,9961,14889,16007,6727,5406,2137,1930
ERROR: Packet too long
0,41,94,23225,76061,3526,40402,19628,13499,7518,3637
ERROR: Packet too long
0,27,94,159377,18259,5474,650,2978,614,822,239
ERROR: Packet too long
0,37,77,92429,71395,22250,3695,2318,5616,1918,998
ERROR: Packet too long
0,20,41,1434290,399918,6426,21006,33495,10767,2354,1173
ERROR: Packet too long 3)
51,20,41,832364,155871,44857,62543,56302,174776,189962,52261
ERROR: Packet too long )
25,20,41,170763,122612,34800,19200,8771,3279,4015,2525
ERROR: Packet too long )
25,20,41,28996,684,51,147,720,497,517,233
ERROR: Packet too long
0,10,38,1072506,118427,24814,13264,2684,6048,6245,3287
ERROR: Packet too long
0,21,40,159912,34394,4069,8223,4790,4440,2593,1365
ERROR: Packet too long
0,30,44,1890132,59988,30266,24514,21686,20345,12654,5106
ERROR: Packet too long
0,44,66,45062,8450,2426,2542,1725,1220,1085,517
ERROR: Packet too long
0,41,66,65120,81431,24861,3578,11274,3194,1263,755
