25,0,0,583540,13046,3592,3276,4274,2118,1636,427
0,0,0,1699037,40789,45666,26416,6193,16294,4812,2809
0,0,0,839258,76204,36484,24414,8907,9146,8186,6110
0,0,0,228117,13729,2405,4791,9086,5189,2436,6344
0,30,30,925499,605239,99005,54038,37967,32114,7403,10219
0,20,41,2018379,96921,76147,30384,14128,6442,8912,5066
0,11,27,293959,26996,3943,2042,7849,1705,1555,855
25,11,27,233277,13831,1160,985,206,178,182,94
0,1,10,805009,1481805,92417,22266,110972,48737,20284,6138
51,1,10,1053658,82647,79323,39029,54027,54318,17992,20249
25,1,10,1413901,323871,56126,51532,66806,33518,19215,3244
25,1,10,650134,37829,18200,23908,21564,53481,8963,2683
51,1,10,1088078,186077,20287,50719,94017,48273,29684,21754
0,1,23,274295,77641,39956,9142,11023,3052,4013,5251
0,10,8,207690,29921,4413,3068,4684,6335,1733,362
0,8,10,1137448,72225,7648,3668,19833,3528,2319,5042
0,14,24,63064,36759,6501,3870,5311,2496,1028,1129
0,23,8,530369,280941,33702,6212,16461,13032,2899,3863
0,8,20,508924,116032,29454,47307,10901,9195,5077,4624
0,17,38,334141,78970,36615,19383,6741,14251,9986,1957
0,37,40,11749,10057,2954,1329,1102,3629,666,1114
0,40,54,433986,82314,29366,17878,26302,6663,3491,3117
0,51,51,36212,22655,11037,5061,6727,4542,2215,3524
0,54,38,17031,69178,9455,6903,16442,10426,4684,3338
0,48,38,14936,47771,11449,10713,7579,11798,4413,3653
0,54,47,16149,38504,14722,27974,8315,6724,15571,2212
0,56,48,451533,40300,22081,4878,4941,9207,4219,3609
0,60,61,45476,12704,2933,14880,12685,5219,4005,4651
0,53,67,41734,51124,35205,33418,80353,10284,9704,2650
0,37,53,818627,251398,18267,41604,9445,6867,5112,2870
0,38,50,15671,32143,7058,20623,21209,8881,1730,2224
0,30,48,45293,58341,26464,7075,6967,8396,2610,2806
0,26,53,327270,67318,27803,44294,26754,7906,5265,2693
0,40,53,2267960,100436,7581,17282,5850,10184,5202,1919
0,47,50,11653,3904,1732,451,1257,1472,495,495
0,51,54,283067,15332,14740,9889,12699,5329,5014,6167
0,48,44,271990,22047,6520,4472,7597,1576,278,502
0,50,51,1918042,75984,20217,11264,4372,9781,1862,726
0,26,43,29600,34253,2826,3397,2169,1481,784,1000
0,20,29,117300,15627,5069,2286,13621,1685,423,411
0,20,26,245393,46116,6938,5605,2678,2695,827,427
0,8,24,20215,59497,13012,11324,4269,2649,4078,2410
0,17,38,25365,17612,8693,2406,2137,2736,1411,1203
0,13,44,129289,29509,5667,8791,4030,2186,2325,823
0,20,51,55640,81204,19534,17584,5073,8818,4009,4281
0,21,43,623011,551907,71979,31648,22007,26619,4537,3693
0,4,27,1974391,727724,92468,28370,61628,15840,5422,6725
0,13,20,58431,42148,2488,11670,13299,6002,2538,2822
0,11,7,65542,44424,726,6088,7289,3336,862,910
0,23,27,113470,12746,13155,21726,18258,5098,1493,3733
0,43,30,1896066,299478,19379,44705,16852,38604,12059,8860
0,30,30,845512,109085,16081,9559,5083,5470,5660,2647
0,30,44,23057,24763,4291,7325,2810,2450,1829,975
0,14,23,284477,195972,12237,23148,5956,6893,1466,1137
25,14,23,1298890,140928,98578,113145,23534,17428,5376,3153
0,3,17,1112321,386146,36465,9189,20643,16956,8209,4594
0,23,7,94796,8585,470,602,2849,1681,573,325
0,14,1,1402383,149467,3679,7476,19944,5447,1211,2106
0,23,1,134243,46346,5834,9282,3900,3658,3099,2122
0,26,16,1158014,154137,83404,83439,19008,17082,8129,5166
0,24,43,111501,32082,16198,21130,5099,11067,6750,9591
0,35,64,115374,12988,2350,4799,1725,1474,1070,4498
0,53,77,82558,11973,9751,14233,5798,9230,5420,6016
0,47,54,305063,38482,4163,1309,1814,1314,468,516
0,29,53,784901,173103,110085,33377,16436,12084,4298,3504
0,24,51,14762,14491,2734,4852,4036,1050,116,221
0,1,48,2319942,304456,175627,64629,71681,12834,5851,7030
0,13,78,913381,8788,26631,37019,20534,10936,5108,2417
0,16,64,1087143,145835,23060,12336,16647,8959,1866,1573
0,10,64,1299638,111567,19245,35730,8080,5085,6196,4691
0,20,57,1311757,97285,3073,42401,27794,7724,3012,1018
0,4,23,533866,113228,6199,4131,9977,5216,1815,1093
0,3,41,165865,34841,20541,26672,10785,3360,2054,1143
0,7,38,218355,86790,24965,10754,7618,4423,608,280
26,7,38,597884,7771,4555,3979,2004,955,721,312
0,14,47,243894,8206,6053,1786,2763,1865,375,161
0,30,74,88115,5303,3320,3876,1961,2112,247,340
0,29,60,1669719,55686,21819,4249,8581,2372,1581,1487
0,41,69,162386,59016,5505,75973,20114,14754,4966,5975
0,24,50,327365,324729,19763,14005,11406,8361,1693,736
0,13,29,991693,97079,6302,10746,20900,7348,560,739
0,16,38,1375501,38471,17011,21307,8774,3376,928,851
0,4,34,2424656,155894,62659,27867,23637,10709,4647,3254
0,10,57,911761,36031,28097,28463,14656,3508,3379,1699
0,13,75,481230,10420,5978,4538,6341,1886,1169,886
0,21,64,1739824,73898,14003,14999,7974,8778,2340,1126
0,11,51,517706,472915,84271,4232,34319,10630,3577,1790
0,24,41,1790761,168233,6014,85853,23226,29505,3787,3830
0,13,41,694065,86949,26577,33779,24411,4851,1572,790
0,3,50,1950322,38548,17558,12496,3094,2823,488,2317
0,13,57,266306,44457,13016,10073,15654,3066,2423,1437
0,8,60,71472,27609,5695,9221,1381,3388,2370,1117
0,10,60,3362893,248330,155716,14729,46821,14965,8216,11104
0,16,48,88935,28394,6909,3083,8069,2646,564,810
0,26,66,819169,34529,30318,46376,3424,10091,8971,14180
0,14,61,1126993,546079,87737,98706,53009,25834,14189,17258
0,29,51,1522073,46948,7001,7963,7271,8179,6321,8559
0,40,44,734325,520055,51430,44595,30480,93050,38485,41346
0,43,26,959533,167106,61562,26527,49375,30254,20020,28450
0,63,30,631511,66007,36551,9203,13713,20926,22977,9738
0,51,23,41669,74131,4919,4296,7300,3712,7745,6662
0,51,23,2822434,385085,39005,40028,28931,74112,20540,25853
0,48,29,1713706,21255,4340,12379,7444,3412,2753,4266
0,44,38,464122,45193,52828,17712,15060,16003,11630,6191
0,60,61,684992,20615,37377,29637,54804,13897,10532,9071
0,66,61,513492,56889,10750,8447,39600,22306,9948,7233
0,75,60,299674,43024,2856,33546,18189,14649,10948,6789
0,78,47,1701038,60205,12176,17452,27930,15024,5107,9712
0,66,27,97939,67008,11008,2296,4287,4375,2406,2527
0,61,23,518716,30458,3221,1004,4662,7089,2156,2000
0,75,21,706241,45125,12951,24020,9686,45129,7153,5018
0,70,17,177338,58642,7347,15262,33572,10814,6127,9308
0,57,24,13322,43594,7633,6379,2590,1141,1111,2276
0,48,43,744844,63135,11869,26930,9615,8985,11821,17797
0,44,43,122522,37343,13682,15385,9868,27449,16480,10261
0,44,44,233995,8043,375,3254,2919,1653,534,710
0,56,34,1778745,1125987,52360,70862,60374,57755,31529,19920
0,53,13,1021322,193017,12869,5801,8346,15359,7122,5487
0,40,3,453424,30018,7031,1496,19209,4182,3133,1869
0,47,1,51952,18082,2316,2224,1730,5859,1978,2850
0,74,11,5352,6464,3350,1848,2934,5616,3070,1353
0,81,35,75498,31003,14900,21983,13706,9938,13493,9224
0,64,35,36471,74876,1147,12788,7257,2442,1473,1121
0,43,27,1166699,174964,7006,10114,8146,8149,6598,9606
0,27,27,18205,7499,1139,4663,8127,1699,2374,452
0,24,21,305972,82245,25344,17578,8200,12308,12171,4032
0,56,37,104614,11414,7527,15270,12313,14273,5178,5263
0,63,48,70269,72875,7784,16732,13859,7454,8149,7802
0,61,40,21169,19673,2619,1560,3772,2936,1176,1213
0,60,21,357401,163879,10506,4726,16819,12851,10033,5444
0,47,20,113431,9810,5243,2910,3767,2187,2197,2192
0,54,20,49520,55255,4804,12577,5286,12708,4084,6643
0,51,43,8011,14550,5294,29587,9196,4176,8483,5404
0,63,48,5732,21850,2582,1857,4517,5345,1776,2131
0,47,54,26197,74234,56242,19876,14326,4589,4158,3747
0,48,63,16249,11160,7710,4439,5144,5428,1237,1591
0,57,48,504282,80911,10924,22123,5663,22085,5380,10782
0,50,53,31817,20555,3320,1813,873,2793,951,869
0,74,40,265352,75647,18683,10117,23077,20054,12442,5606
0,57,30,138079,38101,8000,3462,2127,3466,1625,1125
0,56,40,49903,23659,9711,24046,16203,10332,8769,4149
0,69,41,130316,85814,14324,23594,25948,38851,12631,5965
0,70,38,701431,60968,13194,10781,37607,16991,8812,3236
0,88,38,16518,38030,1451,16712,14244,15496,6452,4697
0,81,43,189218,48488,45279,33174,6411,12493,11805,10343
0,67,27,2297,22568,890,1339,4199,2774,2654,870
0,81,30,46099,5818,2304,2650,6749,7196,3069,1770
0,84,47,40328,10813,13680,19954,10787,18680,8371,1880
0,78,38,216503,106919,32133,33628,8638,10813,8725,3416
0,70,66,575861,19488,15173,8747,4579,2799,1650,830
0,47,66,33256,120262,23000,14899,14187,11591,8205,2894
0,34,48,37871,62008,13381,1944,11089,12103,7764,3769
0,40,40,146806,120372,25953,14797,16891,17937,4438,2139
0,53,24,2091306,131432,35633,12128,37065,34570,2718,1715
0,63,21,278495,90542,7210,16738,7016,17077,8000,4344
0,60,26,2162824,239416,23127,57989,33691,37598,11028,28056
0,54,35,99271,10594,4801,2475,1778,1196,660,417
26,54,35,1009725,95988,44169,49986,80357,24700,15117,3694
51,54,35,1650116,97779,34905,26712,4164,64457,3338,1917
0,41,27,1428253,234480,11931,31308,50258,19166,27107,11659
0,30,40,153989,15045,6604,5106,4530,1812,1798,1744
0,20,43,640559,37860,1271,13557,6561,2532,4024,1409
